1 1 686 0 753 151
1 1 0 30 594 134
1 1 501 140 642 259
1 1 352 288 568 379
1 10 -18 -71 329 297
1 10 385 300 445 393
1 10 296 308 343 391
1 100 269 13 456 53
1 100 493 166 626 280
1 100 66 144 206 275
1 100 136 313 263 401
1 100 297 341 400 375
1 100 450 330 593 467
1 100 323 410 407 453
1 100 291 500 425 568
1 1000 293 114 395 206
1 1000 -53 153 102 260
1 1000 174 190 260 251
1 1000 17 322 118 403
1 1000 366 363 477 437
1 1000 489 359 588 454
1 1000 187 382 284 452
1 1000 77 409 170 476
1 1000 -28 442 56 500
1 1000 268 472 364 539
1 1000 373 473 469 541
1 1000 472 467 572 548
1 1001 84 1 116 57
1 1001 36 180 743 328
1 1001 46 367 732 483
1 1002 443 114 513 238
1 1002 187 121 228 247
1 1002 262 140 302 243
1 1003 289 479 577 533
1 1004 320 173 520 229
1 1004 535 173 666 220
1 1005 135 336 337 380
1 1005 350 264 500 394
1 1005 350 412 487 503
1 1005 505 405 649 504
1 1006 327 1 541 76
1 1006 372 179 511 251
1 1006 593 249 756 294
1 1006 84 170 331 319
1 1006 160 334 275 421
1 1006 341 281 556 430
1 1006 367 475 505 534
1 1007 353 188 584 318
1 1007 188 219 251 312
1 1008 -47 62 683 172
1 1008 379 283 489 415
1 1008 206 330 264 422
1 1008 493 299 607 427
1 1008 60 451 676 540
1 1009 343 351 434 425
1 1009 462 347 571 441
1 101 360 179 418 250
1 1010 420 111 478 195
1 1010 487 185 559 200
1 1011 366 10 485 54
1 1011 153 305 378 455
1 1012 211 296 374 363
1 1013 191 45 301 173
1 1013 464 118 502 154
1 1013 98 264 153 388
1 1013 214 286 299 380
1 1013 27 408 176 506
1 1014 481 247 659 376
1 1015 467 30 610 171
1 1016 171 178 371 246
1 1016 586 181 745 269
1 1016 159 262 351 354
1 1016 158 355 379 473
1 1017 6 12 105 78
1 1017 231 155 485 288
1 1017 601 328 762 443
1 1018 -67 32 659 165
1 1018 243 238 295 364
1 1018 413 249 480 370
1 1018 305 276 359 364
1 1018 176 422 379 503
1 1018 588 400 748 479
1 1019 295 73 511 189
1 1019 372 266 439 372
1 1019 487 281 586 403
1 1019 595 298 643 393
1 1019 82 463 274 564
1 2462 518 50 581 133
1 2462 224 189 265 233
1 2462 166 202 205 279
1 2462 619 566 689 642
1 2462 504 600 614 635
1 2463 170 329 283 420
1 2463 294 331 388 365
1 2463 671 335 737 393
1 2463 547 373 652 429
1 2464 4 49 119 144
1 2464 121 50 294 154
1 2464 0 314 167 413
1 2464 416 329 504 373
1 2464 676 342 795 431
1 2465 752 65 831 159
1 2465 662 203 750 308
1 2466 6 70 361 220
1 2466 737 290 788 367
1 2466 500 11 623 628
1 2467 669 110 779 241
1 2467 366 289 447 404
1 2467 45 305 180 397
1 2467 601 458 709 528
1 2468 688 83 784 173
1 2468 422 226 477 327
1 2468 622 248 680 319
1 2468 102 356 155 428
1 2468 157 362 267 495
1 2468 283 362 379 506
1 2468 627 557 683 637
1 2469 172 101 218 291
1 2469 396 251 472 402
1 2469 517 259 613 404
1 2469 747 296 789 390
1 2469 0 362 68 516
1 2469 88 356 202 532
1 2469 518 458 637 518
1 2469 664 460 793 605
1 2469 428 455 492 541
1 2469 597 535 634 605
1 247 266 257 314 351
1 247 105 294 143 335
1 247 475 248 541 369
1 247 706 251 756 364
1 247 234 422 319 523
1 247 140 401 214 516
1 247 331 402 412 518
1 247 431 401 512 514
1 2470 509 112 615 244
1 2470 -1 214 85 357
1 2470 101 210 215 377
1 2470 416 300 509 440
1 2470 525 297 658 452
1 2470 348 404 379 458
1 2470 226 441 295 523
1 2470 462 504 516 589
1 2471 489 224 539 310
1 2471 234 161 330 320
1 2472 508 60 564 144
1 2472 38 111 117 237
1 2472 409 196 453 267
1 2472 649 209 708 292
1 2472 762 225 805 283
1 2472 5 278 66 378
1 2472 699 333 768 398
1 2472 640 441 734 486
1 2473 50 19 125 146
1 2473 435 96 532 172
1 2473 23 193 75 236
1 2473 150 190 262 319
1 2473 406 209 856 321
1 2473 683 348 794 372
1 2473 546 344 594 425
1 2473 460 353 498 402
1 2473 499 367 541 425
1 2473 123 461 152 539
1 2473 334 493 464 579
1 2474 263 207 357 335
1 2474 374 202 477 336
1 2474 174 228 235 323
1 2474 527 535 620 616
1 2475 383 238 435 362
1 2475 460 407 569 523
1 2476 422 3 494 152
1 2476 648 231 704 278
1 2476 445 205 546 372
1 2476 308 202 419 404
1 2477 241 170 301 297
1 2477 432 173 525 332
1 2477 526 194 634 334
1 2477 523 375 592 454
1 2477 608 375 701 525
1 2477 323 398 398 568
1 2478 543 270 642 341
1 2478 444 275 534 436
1 2479 253 115 353 213
1 2479 691 144 784 268
1 2479 225 373 294 530
1 2479 372 376 449 503
1 2479 466 388 549 522
1 2479 558 386 650 534
1 248 22 246 83 369
1 248 204 251 253 357
1 248 99 264 147 367
1 248 537 274 586 386
1 248 545 423 623 513
1 248 178 423 266 536
1 248 376 423 455 526
1 248 275 418 364 532
1 248 461 428 538 525
1 2480 104 360 196 463
1 2480 489 335 624 460
1 2480 1 481 861 613
1 2481 88 -50 443 111
1 2481 672 -54 1054 199
1 2481 -69 167 228 430
1 2482 614 -59 873 142
1 2482 -38 -28 154 151
1 2482 210 6 327 69
1 2483 368 301 460 374
1 2483 552 298 633 350
1 2484 241 73 319 166
1 2484 675 207 729 230
1 2484 389 317 491 416
1 2484 558 327 637 390
1 2484 651 347 729 453
1 2484 400 479 474 548
1 2485 517 65 599 138
1 2485 180 186 294 302
1 2485 372 209 439 293
1 2485 592 210 667 307
1 2485 519 258 585 312
1 2485 586 354 665 416
1 2485 94 352 155 398
1 2485 -18 522 830 628
1 1671 -201 -97 516 250
1 1672 456 123 541 201
1 1672 683 100 775 231
1 1672 600 125 682 223
1 1672 589 291 664 344
1 1672 459 281 541 344
1 1672 306 289 392 385
1 1672 654 433 719 490
1 1673 319 16 503 145
1 1673 634 188 695 283
1 1673 36 388 115 453
1 1674 489 138 576 231
1 1674 691 148 783 257
1 1674 92 297 180 447
1 1674 294 316 378 422
1 1674 540 315 635 456
1 1675 -1 77 41 102
1 1675 340 55 412 99
1 1675 580 52 674 178
1 1675 158 212 234 331
1 1675 287 190 371 311
1 1675 481 221 576 346
1 1675 253 426 312 469
1 1675 324 422 390 467
1 1675 393 411 473 471
1 1676 644 71 801 223
1 1676 169 241 232 295
1 1676 329 235 391 303
1 1676 392 247 443 278
1 1676 492 405 553 478
1 1677 241 58 297 125
1 1677 109 62 178 158
1 1677 479 84 545 203
1 1677 0 236 58 336
1 1677 -30 578 829 648
1 1678 422 98 488 212
1 1678 256 105 337 227
1 1678 130 267 222 405
1 1678 226 334 301 414
1 1679 125 16 198 141
1 1679 215 46 283 121
1 1679 297 25 361 150
1 1679 298 192 371 289
1 1679 207 192 268 290
1 1679 233 361 288 427
1 1679 143 359 212 456
1 1679 623 363 686 489
1 168 -32 25 422 109
1 168 425 94 522 169
1 168 152 113 241 179
1 168 294 120 384 188
1 168 581 176 789 248
1 168 5 178 133 227
1 168 354 224 463 309
1 168 74 239 158 308
1 168 213 236 305 317
1 168 -8 304 66 376
1 168 514 307 624 393
1 168 70 310 163 388
1 168 220 332 299 390
1 168 354 318 445 402
1 168 0 388 80 427
1 168 -17 427 50 484
1 168 312 433 407 519
1 168 461 435 540 493
1 168 178 440 266 526
1 168 -18 511 52 557
1 1680 225 117 287 202
1 1680 311 104 383 235
1 1680 388 110 438 243
1 1680 644 103 708 257
1 1680 721 120 787 194
1 1680 104 282 172 350
1 1680 373 304 424 370
1 1680 654 432 722 532
1 1681 392 1 569 102
1 1681 655 296 768 405
1 1682 469 113 539 217
1 1682 397 125 469 230
1 1682 120 117 209 239
1 1682 104 295 171 393
1 1683 109 232 173 309
1 1683 255 237 304 355
1 1683 178 238 249 314
1 1684 415 148 486 267
1 1684 553 160 612 267
1 1684 570 302 644 407
1 1684 521 440 575 522
1 1684 577 438 639 524
1 1685 783 156 836 269
1 1685 570 155 631 263
1 1685 565 294 621 391
1 1686 1 204 58 247
1 1686 220 175 281 280
1 1686 520 209 567 284
1 1686 100 179 164 296
1 1686 578 209 624 289
1 1686 629 203 686 305
1 1686 490 350 644 485
1 1686 162 332 249 480
1 1686 312 350 384 479
1 1686 662 369 772 473
1 1687 250 -58 498 102
1 1687 33 46 247 168
1 1687 116 222 325 280
1 1688 -26 9 830 122
1 1688 135 175 452 289
1 1688 673 179 775 299
1 1688 482 335 861 445
1 1688 419 349 480 425
1 1689 75 43 133 131
1 1689 264 169 339 281
1 1689 640 166 747 281
1 1689 432 419 489 499
1 169 475 286 528 336
1 169 227 386 331 471
1 1690 95 -55 280 85
1 1690 317 -58 494 91
1 1690 -12 21 77 82
1 1690 126 96 253 154
1 1690 650 92 757 175
1 1690 -15 114 79 175
1 1690 362 133 476 211
1 1690 167 163 259 239
1 1690 9 175 115 246
1 1690 565 201 673 271
1 1690 268 214 430 307
1 1690 102 281 199 362
1 1690 395 316 550 393
1 1690 29 415 122 490
1 1690 162 419 258 497
1 1690 303 416 405 502
1 1690 436 416 562 499
1 1690 594 470 694 551
1 1690 194 502 301 571
1 1690 348 539 454 617
1 1690 35 591 144 646
1 1690 713 590 816 649
1 1690 166 619 272 676
1 1690 358 617 477 678
1 1691 -153 -127 403 399
1 1692 239 64 292 171
1 1692 79 74 128 179
1 1692 255 199 366 303
1 1692 257 321 306 408
1 1692 449 354 535 404
1 1692 610 327 689 406
1 1692 1 560 857 621
1 1693 485 105 595 171
1 1693 223 241 289 295
1 1693 397 233 508 303
1 1693 670 258 794 325
1 1693 245 348 409 440
1 1693 703 373 800 433
1 1693 -1 533 106 628
1 1693 213 577 285 648
1 1694 -74 4 734 77
1 1694 277 197 405 269
1 1694 713 224 796 261
1 1694 834 307 893 353
1 1694 -1 362 147 462
1 1694 372 418 459 478
1 1694 392 506 470 569
1 1695 -19 605 817 645
1 1696 -12 1 827 71
1 1696 726 96 849 233
1 1696 336 98 452 257
1 1696 328 316 431 374
1 1696 451 414 572 499
1 1697 447 0 571 45
1 1697 333 104 450 160
1 1697 168 190 364 274
1 1697 461 225 577 292
1 1697 300 330 541 411
1 1697 289 443 500 518
1 1697 599 446 784 521
1 1697 698 549 783 619
1 1698 446 164 592 250
1 1698 180 373 267 465
1 1698 584 393 676 477
1 1699 42 -73 830 379
1 17 17 9 643 92
1 17 12 130 121 243
1 17 553 190 651 238
1 17 595 258 681 349
1 17 634 373 754 469
1 17 -2 365 119 457
1 17 45 493 126 565
1 170 327 122 453 223
1 170 469 145 567 214
1 1700 686 269 848 369
1 1700 273 405 379 486
1 1700 367 509 481 573
1 3121 549 222 689 315
1 3121 548 400 659 498
1 3122 356 220 406 318
1 3122 494 230 594 346
1 3123 148 294 265 367
1 3124 157 50 413 144
1 3124 697 203 764 248
1 3124 498 201 593 273
1 3124 407 292 491 326
1 3124 533 351 578 442
1 3124 394 358 504 444
1 3125 515 386 608 506
1 3126 27 141 103 186
1 3126 33 201 112 261
1 3127 28 -50 461 197
1 3127 527 129 608 223
1 3127 616 162 699 221
1 3128 8 147 220 304
1 3129 622 303 722 379
1 3129 469 430 551 510
1 3129 167 451 266 509
1 313 558 172 675 299
1 3130 483 107 571 166
1 3130 121 117 212 251
1 3130 80 259 181 286
1 3130 348 301 433 375
1 3131 347 -35 457 64
1 3131 507 -41 627 69
1 3131 -38 -27 89 77
1 3131 179 14 278 85
1 3131 -74 477 98 610
1 3131 683 497 787 587
1 3131 256 496 431 616
1 3132 327 8 402 88
1 3132 115 245 170 324
1 3132 642 284 712 385
1 3133 60 254 142 353
1 3134 487 310 554 345
1 3134 291 380 343 433
1 3135 -97 -5 624 200
1 3135 319 228 386 284
1 3136 43 -45 218 68
1 3136 372 -54 542 82
1 3136 104 93 183 160
1 3136 568 126 657 194
1 3136 -50 120 103 197
1 3136 255 149 348 222
1 3136 366 162 462 235
1 3136 467 206 561 288
1 3136 54 221 140 299
1 3136 102 300 196 372
1 3136 534 301 626 374
1 3136 314 313 418 378
1 3136 -8 325 81 388
1 3136 412 385 512 458
1 3136 105 459 203 527
1 3136 273 521 369 588
1 3136 434 521 530 590
1 3137 603 128 697 216
1 3137 435 361 523 451
1 3137 525 412 624 511
1 3138 30 154 150 199
1 3138 205 275 320 370
1 3138 397 371 469 431
1 3138 474 383 548 455
1 3138 135 434 231 528
1 3139 -167 -128 244 295
1 314 341 200 462 228
1 314 157 84 306 220
1 314 0 231 728 276
1 314 385 482 471 530
1 314 226 486 316 535
1 314 104 493 189 546
1 3140 590 40 689 124
1 3140 524 240 588 287
1 3140 380 385 471 504
1 3141 69 57 133 136
1 3141 35 384 98 456
1 3141 227 430 311 501
1 3142 417 218 534 337
1 3142 534 229 625 360
1 3142 509 401 580 517
1 3143 262 184 369 314
1 3143 38 183 157 322
1 3143 458 323 579 461
1 3143 64 358 155 485
1 3143 309 359 396 483
1 3144 -74 4 465 437
1 3144 -63 515 574 569
1 3145 544 171 677 314
1 3146 498 256 596 346
1 3146 647 309 758 429
1 3147 547 265 649 343
1 3147 373 301 527 409
1 3147 247 428 394 528
1 3147 536 390 662 520
1 3148 272 1 456 140
1 3148 615 209 724 296
1 3148 245 363 381 462
1 3148 140 373 243 465
1 3148 31 386 113 468
1 3148 386 380 482 453
1 2017 696 297 852 397
1 2017 567 359 681 438
1 2018 240 231 516 279
1 2018 99 430 388 499
1 2019 241 0 538 74
1 2019 103 167 403 217
1 2019 99 233 431 301
1 2019 16 575 856 650
1 202 128 320 173 363
1 202 191 319 238 365
1 202 248 323 295 376
1 202 161 427 222 504
1 202 230 428 295 506
1 202 305 433 354 496
1 2020 80 251 209 327
1 2020 682 350 812 585
1 2021 79 56 199 94
1 2021 434 40 560 146
1 2021 220 46 363 157
1 2021 644 11 772 435
1 2021 447 442 566 553
1 2022 302 173 426 276
1 2022 383 328 517 465
1 2022 262 370 370 467
1 2023 404 114 541 141
1 2024 13 70 264 139
1 2024 -1 271 167 347
1 2024 574 399 689 609
1 2025 1 1 129 138
1 2025 244 39 404 233
1 2025 16 226 139 623
1 2026 562 57 712 217
1 2026 295 172 400 351
1 2026 39 25 153 371
1 2026 761 289 831 409
1 2026 243 389 459 487
1 2027 247 86 451 134
1 2027 714 275 835 347
1 2027 360 396 405 481
1 2027 556 428 610 562
1 2027 621 372 854 641
1 2028 492 170 564 269
1 2028 346 149 405 274
1 2028 618 364 712 647
1 2028 790 491 866 543
1 2029 378 123 426 446
1 2029 489 212 569 438
1 2029 699 322 742 477
1 2029 461 489 570 645
1 203 177 104 236 162
1 203 245 95 309 180
1 203 107 407 164 507
1 2030 490 50 571 270
1 2030 247 136 387 300
1 2030 680 172 742 297
1 2030 388 143 424 441
1 2030 470 353 569 419
1 2030 495 427 567 457
1 2030 294 413 385 518
1 2030 210 523 284 651
1 2031 -70 -36 769 223
1 2032 29 241 78 365
1 2033 38 39 125 186
1 2033 255 119 314 271
1 2033 508 192 562 281
1 2033 614 229 657 289
1 2033 458 323 501 395
1 2033 624 408 697 514
1 2033 491 454 561 547
1 2033 18 580 871 646
1 2034 5 15 845 204
1 2034 526 239 655 289
1 2034 361 349 427 399
1 2034 375 412 439 469
1 2034 444 335 469 602
1 2035 166 89 239 202
1 2035 786 107 869 289
1 2035 370 175 453 285
1 2035 292 -2 342 554
1 2035 532 238 583 368
1 2035 179 322 286 528
1 2035 612 334 704 451
1 2035 579 500 701 647
1 2035 493 550 564 647
1 102 -10 95 681 190
1 102 487 328 562 386
1 1041 77 271 120 303
1 1041 125 266 173 334
1 1041 586 382 635 476
1 1041 688 383 737 474
1 1065 293 106 374 162
1 1065 416 252 503 313
1 1065 356 350 474 408
1 109 252 170 301 270
1 109 365 167 408 266
1 109 304 174 349 267
1 109 409 180 448 274
1 109 124 307 161 401
1 109 452 326 503 449
1 109 533 341 583 422
1 109 590 389 635 432
1 1116 0 87 46 116
1 1116 57 81 105 123
1 1116 264 191 320 268
1 1116 330 200 382 257
1 1116 276 301 340 387
1 1116 366 297 430 406
1 1116 554 317 609 382
1 1116 684 321 731 384
1 1116 437 322 495 402
1 1141 225 251 361 313
1 1141 258 316 645 365
1 1170 -31 41 135 157
1 1170 18 193 121 255
1 1170 428 279 522 357
1 1170 524 279 616 357
1 1170 -23 405 54 479
1 1170 372 456 457 520
1 1193 257 118 423 149
1 1193 428 121 594 163
1 1193 254 175 417 231
1 1193 443 203 597 248
1 1193 525 310 630 386
1 1193 404 373 448 415
1 1217 -89 0 309 203
1 1240 4 195 68 262
1 1240 542 234 654 296
1 1240 80 247 127 308
1 1240 483 364 611 410
1 1240 144 477 259 553
1 1276 232 59 374 125
1 1276 500 108 624 182
1 1276 377 121 492 190
1 1276 321 294 372 346
1 1276 471 303 513 359
1 1276 378 406 432 442
1 1276 269 403 323 479
1 1276 389 445 439 479
1 1276 -55 484 679 533
1 1301 167 121 246 196
1 1326 -76 138 432 224
1 1326 -106 393 471 456
1 1349 53 33 91 121
1 1349 80 309 125 369
1 1349 638 312 686 396
1 1349 298 313 364 403
1 1349 411 447 509 500
1 137 -139 -30 242 166
1 1389 282 238 331 284
1 1389 442 274 485 322
1 1389 282 294 328 340
1 1389 337 281 386 340
1 1389 495 295 548 346
1 1389 183 394 242 417
1 1389 548 428 616 446
1 1405 389 185 453 221
1 1405 455 175 529 277
1 1405 592 161 709 289
1 143 465 170 555 196
1 143 6 238 695 283
1 143 554 297 660 341
1 143 147 364 261 402
1 1453 416 200 495 282
1 1453 549 195 667 290
1 1453 430 372 550 465
1 1473 259 -1 356 75
1 1473 64 30 229 107
1 1473 76 116 207 173
1 1473 236 201 285 299
1 1473 461 227 507 294
1 1473 187 247 226 292
1 1473 288 265 334 318
1 1473 64 357 171 487
1 1473 228 436 277 498
1 1473 456 364 741 537
1 1495 438 110 581 221
1 1495 624 276 721 356
1 1495 310 272 402 380
1 1495 612 481 743 595
1 1515 349 255 548 332
1 1515 345 338 537 408
1 1515 527 424 715 495
1 1532 210 39 397 222
1 1532 534 32 652 230
1 1532 60 93 186 172
1 1566 509 334 601 422
1 1566 755 331 823 471
1 1566 271 356 363 461
1 1600 65 232 170 349
1 1600 214 327 782 425
1 1600 122 475 849 608
1 1635 192 170 309 323
1 1635 572 195 748 334
1 1670 376 126 484 253
1 1670 693 203 755 245
1 1670 269 295 378 442
1 65 168 130 319 232
1 65 485 143 562 216
1 65 575 152 654 238
1 65 9 247 163 341
1 65 310 261 400 356
1 65 487 284 574 362
1 65 263 387 461 516
1 650 274 42 350 96
1 650 359 24 435 121
1 650 579 60 628 122
1 650 110 10 191 133
1 650 239 206 319 362
1 650 -1 218 95 317
1 650 143 304 228 400
1 650 271 481 321 543
1 651 182 215 263 388
1 651 555 252 616 366
1 651 481 280 553 345
